\begin{tabu}{lrrrrrrrrrrrrrrr}
\toprule
 & score & unemp & wage & distance & tuition & education & n\_gender & n\_ethnicity\_afam & n\_ethnicity\_hispanic & n\_fcollege & n\_mcollege & home\_yes & urban\_yes & n\_income & n\_region \\
\midrule
score & 1.000000 & -0.025309 & 0.116627 & -0.067979 & 0.129858 & 0.465187 & 0.080169 & -0.284252 & -0.161187 & 0.250970 & 0.189563 & 0.125874 & -0.085139 & 0.178368 & -0.026034 \\
unemp & -0.025309 & 1.000000 & 0.266771 & 0.293036 & 0.184027 & -0.014746 & -0.028380 & -0.059376 & 0.088610 & -0.100055 & -0.086024 & 0.005036 & -0.052140 & -0.078126 & -0.041865 \\
wage & 0.116627 & 0.266771 & 1.000000 & -0.000390 & 0.317727 & 0.023858 & 0.027211 & -0.133696 & -0.099519 & 0.030929 & 0.016939 & 0.067455 & -0.032566 & 0.071773 & -0.083654 \\
distance & -0.067979 & 0.293036 & -0.000390 & 1.000000 & -0.100981 & -0.093183 & -0.003441 & -0.100022 & 0.058226 & -0.105474 & -0.081523 & 0.019605 & -0.289175 & -0.080422 & 0.068089 \\
tuition & 0.129858 & 0.184027 & 0.317727 & -0.100981 & 1.000000 & 0.039534 & 0.009025 & 0.059007 & -0.304375 & 0.028796 & 0.036125 & -0.000320 & -0.016181 & 0.053930 & -0.582348 \\
education & 0.465187 & -0.014746 & 0.023858 & -0.093183 & 0.039534 & 1.000000 & 0.009764 & -0.090034 & -0.043374 & 0.284356 & 0.225177 & 0.096519 & -0.015005 & 0.219166 & -0.024145 \\
n\_gender & 0.080169 & -0.028380 & 0.027211 & -0.003441 & 0.009025 & 0.009764 & 1.000000 & -0.039639 & 0.018810 & 0.040697 & 0.019911 & 0.038162 & 0.009728 & 0.058891 & -0.013418 \\
n\_ethnicity\_afam & -0.284252 & -0.059376 & -0.133696 & -0.100022 & 0.059007 & -0.090034 & -0.039639 & 1.000000 & -0.216348 & -0.101376 & -0.018085 & -0.126593 & 0.183720 & -0.096960 & -0.144095 \\
n\_ethnicity\_hispanic & -0.161187 & 0.088610 & -0.099519 & 0.058226 & -0.304375 & -0.043374 & 0.018810 & -0.216348 & 1.000000 & -0.112351 & -0.106208 & -0.063879 & 0.077073 & -0.128255 & 0.207679 \\
n\_fcollege & 0.250970 & -0.100055 & 0.030929 & -0.105474 & 0.028796 & 0.284356 & 0.040697 & -0.101376 & -0.112351 & 1.000000 & 0.429710 & 0.077525 & -0.052510 & 0.353563 & 0.029686 \\
n\_mcollege & 0.189563 & -0.086024 & 0.016939 & -0.081523 & 0.036125 & 0.225177 & 0.019911 & -0.018085 & -0.106208 & 0.429710 & 1.000000 & 0.063916 & -0.034306 & 0.245670 & -0.011578 \\
home\_yes & 0.125874 & 0.005036 & 0.067455 & 0.019605 & -0.000320 & 0.096519 & 0.038162 & -0.126593 & -0.063879 & 0.077525 & 0.063916 & 1.000000 & -0.096868 & 0.138826 & 0.004868 \\
urban\_yes & -0.085139 & -0.052140 & -0.032566 & -0.289175 & -0.016181 & -0.015005 & 0.009728 & 0.183720 & 0.077073 & -0.052510 & -0.034306 & -0.096868 & 1.000000 & -0.071642 & -0.052117 \\
n\_income & 0.178368 & -0.078126 & 0.071773 & -0.080422 & 0.053930 & 0.219166 & 0.058891 & -0.096960 & -0.128255 & 0.353563 & 0.245670 & 0.138826 & -0.071642 & 1.000000 & 0.007449 \\
n\_region & -0.026034 & -0.041865 & -0.083654 & 0.068089 & -0.582348 & -0.024145 & -0.013418 & -0.144095 & 0.207679 & 0.029686 & -0.011578 & 0.004868 & -0.052117 & 0.007449 & 1.000000 \\
\bottomrule
\end{tabu}